---
cam0:
    camera_model: radtan
    T_cam_imu:
        - [0.99999196, -0.00184713, -0.00356048, 0.00670155]
        - [-0.00185624, -0.99999501, -0.00255627, 0.00589867]
        - [-0.00355574, 0.00256286, -0.99999039, -0.00346072]
        - [0.0, 0.0, 0.0, 1.0]
    distortion_coeffs: [0.009724719, -0.000986831, -0.000359909, 0.000183854]
    intrinsics:
        - [455.792984, 0.000000, 328.543398]
        - [0.000000, 455.436223, 224.260803]
        - [0.0, 0.0, 1.0]

cam1:
    camera_model: radtan
    T_cam_imu:
        - [0.99997532, -0.00069011, -0.00699101, -0.06717406]
        - [-0.00068000, -0.99999872, 0.00144792, 0.00585694]
        - [-0.00699200, -0.00144313, -0.99997451, -0.00296146]
        - [0.0, 0.0, 0.0, 1.0]
    distortion_coeffs: [0.021736064, -0.017403044, -0.000363312, -0.001028484]
    intrinsics:
        - [459.495739, 0.000000, 316.330754]
        - [0.000000, 459.271937, 229.892695]
        - [0.0, 0.0, 1.0]

rows: 480
cols: 640
per_grid_rows: 40
per_grid_cols: 60
edge_x: 15
edge_y: 15
mask_radius: 15.0
min_feature_num: 100

flow_back: true
max_square_move_dist: 0.8
min_gradient: 10.0
enable_statistics: true

reprojection_error_thres: 2
parallax_thres: 70.0
max_pnp_needed_num: 25
tracked_times_thres: 3
min_pnp_num: 8
min_pnp_inliers_ratio: 0.85
min_depth: 0.15
max_depth: 3.0
min_translation: 0.16
min_tracked_pts_num: 50

use_imu: true
num_iterations: 10
max_frame_count: 10

initial_exposure_time_us: 6000

visual_factor_weight: 350.0

estimate_ba_init: false
init_ba: [0.0, -0.14, 0.0]
min_rot_excitation: 0.2
min_excited_frames: 4
num_init_iterations: 8

acc_n: 1.9291286492253038e-02
acc_w: 8.0363303593887979e-04
gyr_n: 2.6401761065710893e-03
gyr_w: 7.0304129470456934e-05
g_norm: 9.80
